$ANSIBLE_VAULT;1.1;AES256
62303234373533653534653065653461633334343833363135643562303265333239353132633431
3863303565656531323661323037633761393265373661320a316562666261346564626364633531
61346238373234376138343531613336343266653933396630393739666561326563343865376361
3531393938613835630a353863393538396334386661613466643262376435373465633965303664
32343265323365626239643833363961343664303865346164303733366436313932393764646535
64326562353161633162373330653537616438376131623465303966343037663561616437326430
32613439633234656330396132333538366666353136653363313630306366326237663161633939
39313334343562623062623664626339336631346233353062663935306331633562333236636265
66396336613437643861326663656663643630653535316133386131623534393934366638643939
37623038626336653465313365323239336331653030623232386362656337363537656530346464
35373363633961636332316161353234386435323961313337346162303961356639626664646136
66643431656636336364336432636335643637633838656431313161646433356238363931393734
30626562343435343261323731386133396535376436663837356233363039666236663366616333
34633933343038646531646132353338353534383163633862396266626638653434346639623365
37616465653961663133376164306134323131346264316331383562326166363264306639316437
35306339353431616236346532343566363635326535376330613535383535346135333162643734
34346336303238396634336137343730616139636434613966616536353638633735306336613431
31346337373563623538633538653239343561626338313239353161326564393831393335336237
32633536313038663665373834373530316638623437636135613936396233626333306435636531
37393134653134663764393966626466396231313330613339343138623136333630333638653130
30633761643865633832393130326161353565356135396364613234376338383135633634376566
64613565646339346235353063663831613739343231623335303831396434633062663439386132
37303639613261306439633338393738386231333766323462363365623836353230353862643630
36306564626161666430316533396234623136326339383132303239376339386535376330633364
32666437653334306263636535663266333066646566323535666438396631326637306664376332
64313132363037653231366638643832623339393937323931643165313439363762343336623765
34653034653661353665333162376539376532386431386436323564333363326338346131353335
39366339393865356339653736386433306530656561336566646337353831303566646361636339
62373964393663346435386365313531323234633135356164363533616531613035383562336437
30386137623562633939643832383161353735306630326330636138363131333265373264393764
32613863343334336634323162666432373361396433303863626463636337386631323764633065
37663636333437656332376432353164663066376266313266333034663736366632376665646262
37623963336261653039646464663235383433393537643635663662386566383633393863656137
65613264643834373264666136306330356663626332326336323835616464303163343239396135
64346530383535626232386635343334636339373566343739316637653335336237646566313631
31386130623765313066363634643738306132653431346462363334383536303733626162656438
35373462386631613861653033356663363536643832303238393839353364353164666364393434
63646232323966336634663962373730326466656139346662633865373134613430623162666633
33336561323231376664396435363763363632383932633364366463353033616363666231666366
66636338653639646632336364333064626536666133333861373336663466336433386130636563
34393231326464633332633833396230353137613434363031663034623338346466386534333366
63663533666261646661343034616264323763323465386365666635636233653662646562313962
35376366326638316463636634663935323733383161636139623230653666306238376333363037
32326136313831346564323035373731376161343130373163396435306332613664623532373865
33396139633032383465656431656566386233383436306138353334626464646536336334366462
32363034363563626461613734643865373739623331666162653865366236383364633437633564
38326465306333326262313265666631663563346630373363353734356630623738353061303461
31626564343135343930346230663532373739656164636539666161653730643865326564623032
36373963303230333364653839643065373238373837636137326164306164323330643631333465
31363461376631656365323566633238356337316237343630323732373330393366616262613463
63313764643036343531303931393566363964343136643432353831363932313132383639336563
61616161663830363530383231616434326337366138376161633937343666646234396466313437
66356466376162396662613930636239366634653566353431303761336333623838333137653338
37643335323531386234353630316264666365323434636562653164336466636263653166346534
38653030643833353864313962353830346466623430333030353335623661383165386535346333
34313432366436386630303239653366373731633564346631373238613731653565623934626436
30376365636434313963393261646464623033323239373638623534313465666331666132343434
66303164366231653365623534313562396232376536356439613638656330656162393234653139
35663966303264396139663562386664383231313330363864336263623665396533373364343232
36313161366335666338643735633034633933656463343961366566326161373065636464323364
66613730636133386431343065366662303165393034643261333165373761306534393632623535
31303438646230653266633032313861363031386263383861633562383734613633323439636136
30336336393332623434633966333539376565346134383162386431636561393731313535663230
32306461623565363336656664346565373962626563623232306363623934396130636438343066
62373435396466613637333333356366663033376532343233363266313964303862353137646630
61333362393363313165306634633566366430636364633161313865656364386366626166623339
32633161663738363734363537353232656362306239303538336634316532653438326163386436
39306335333833366234396438613864663761313532666434386636346334666666306237613134
66666564643961326139323665363639316561643065333933313135326435336363616435313765
32616231653331343735666466343437613738363338653236386335303139323031626135346533
35333234356138396166363464663261383935306631356130663033636261303762643436663534
31626165313963313262363666306338383537346436306636613862616530366565653165343561
30373866376338623331613439633162646333633365383364653333326232343965663336666531
61363231306566663164396431616237333765363737386364316631383834306336653462343839
34623436373231313932376232363562363862643461383839386162653138616365346465303664
31656435656530323338653661636532323265656238363932373735356365373065366433356630
63356132353539643739373133623365663938633237366335306336316161313837366638656337
39656631636163376663626562633765326237323131343564376130303964333830323463643536
37363465653263383366303463373436633961616662346165643365316430323666383435363533
31353638656665653861333964636566363961313862393663613132333963333538653639616639
39326439353139343762326631336238636561363138613933383734373531366438333663643232
35343038663265646337643364623863366462343638616433343564646363353362613763656261
39626136643263333335613233383566393538323165323031353431323532363333666631616462
38373764653331646136333339373332656236346266633433613530333232396662626663663139
34393339633164323633626262373534623264383832643339313632666134633235663666626637
62363036366664386566653466656437303265386632336230383131633435333765303061383461
61383935336562313863643132393561326666666533373633633862396664323863666363623637
35643965656639323534373662626238323330336565356466353565306465663833373334363335
32353737656665666462366634613066646164393839346638356638363065373330316433346132
61306264383838386437643261366462623133313364313139306236316532393037663631376337
31653363326134323361616135316634306534313463653765623231616165316438613633623431
63383232623638333436313535393161356139363461393839646165353964383138643439393162
33623561346130363236646639306138303335366137656138343136363832386137373136366634
33653131333139383631333637386335376464373039316664653764306362653939303662386132
33393034353537363763323266366239373864353030666239386435356633353135316663316431
64353761336361623064346536643434323133333536306630323932646230646265613839306637
31653063376662653734663464626164383333366137613138633862333232613461363739383065
35326338303035313235356231326537663232633531363734313333306338326432646337643534
65666561323032383163656431633533633334616237326537326630303961626239666333383037
64383632363438373264333562663431336564616263393837336165613039353538306636653066
62313036373361613937633264666633343164643966383934353166653063306333623437636564
62313937633239326338633262326562313865636531613636303866646565373333383639646565
32656462353238336631323265336264623335613734656564626162346434643234666438363963
35336337303230386137626233633265616161303630643732303130613661396161666630303364
62383131663132323631623264656137376662323934346135346438613430323937303738343066
34393463303833626663356466363434366165633832363361653765383339646464343365616265
32636139333031356331643632373235373863633736373339356437396562396230626161636535
38336436613336613936313430613666396136383137303566646239373639346462306338393964
37616637643636383435383239383136616366383561343235643462653332303632393538326635
65663763616461313861356234323565303165656231626165656230316262343737336361373262
37363764623733666364386235316231663630373133623563353036306265306432366565623539
64383566343662663136643334646537666639316537656330356130633064353237623930633861
35333937393139633339613732396237386564323261383631373133663163356438386132316130
3232363237356338356537343565626236356563333164663930
